SampleName	Group	Cluster	PC1	PC2	latitude	longitude	pi	mean_depth	F	low_cov_pi	low_mean_depth
CB2_Cocoa_Beach_FL	Cocoa_Beach_FL	Cluster2	0.121648	-0.165911	28.316	-80.607	0.001269935245	7.08137	0.66615	0.002043760967	5.75614
CB4_Cocoa_Beach_FL	Cocoa_Beach_FL	Cluster2	0.124564	-0.16853	28.316	-80.607	0.001456640956	7.99734	0.61163	0.001427533513	6.07282
CB5_Cocoa_Beach_FL	Cocoa_Beach_FL	Cluster2	0.128503	-0.167593	28.316	-80.607	0.001484084251	8.45904	0.63198	0.00158227084	6.97329
CB8_Cocoa_Beach_FL	Cocoa_Beach_FL	Cluster2	0.118523	-0.162557	28.316	-80.607	0.002028875974	20.6743	0.48145	0.001662740811	6.87305
CB10_Cocoa_Beach_FL	Cocoa_Beach_FL	Cluster2	0.124354	-0.167024	28.316	-80.607	0.002053893539	78.9289	0.49648	0.001887969948	6.11478
NS5_New_Smyrna_FL	New_Smyrna_FL	Cluster2	0.1326	-0.185787	29.043	-80.897	0.001974375062	50.5222	0.49634	0.001593217988	6.14675
NS6_New_Smyrna_FL	New_Smyrna_FL	Cluster2	0.134674	-0.192825	29.043	-80.897	0.001882485575	20.3198	0.49661	0.001977667367	6.93767
NS8_New_Smyrna_FL	New_Smyrna_FL	Cluster2	0.135634	-0.190249	29.043	-80.897	0.001848079653	17.0561	0.52921	0.001789482478	6.83379
NS9_New_Smyrna_FL	New_Smyrna_FL	Cluster2	0.135245	-0.185324	29.043	-80.897	0.001807288318	18.4988	0.54905	0.001801680431	6.78195
NS10_New_Smyrna_FL	New_Smyrna_FL	Cluster2	0.134275	-0.1826	29.043	-80.897	0.001457801175	8.90181	0.61982	0.00172487368	6.80142
JB6_Jacksonville_Beach_FL	Jacksonville_Beach_FL	Cluster2	0.137352	-0.180623	30.282	-81.386	0.001884556042	80.4654	0.50271	0.001474427831	6.96067
JB7_Jacksonville_Beach_FL	Jacksonville_Beach_FL	Cluster2	0.130429	-0.174466	30.282	-81.386	0.001462525782	11.0008	0.55273	0.00191134377	6.23518
JB9_Jacksonville_Beach_FL	Jacksonville_Beach_FL	Cluster2	0.134315	-0.177026	30.282	-81.386	0.001837393597	28.3111	0.45708	0.001609983795	6.86864
JB10_Jacksonville_Beach_FL	Jacksonville_Beach_FL	Cluster2	0.126985	-0.168726	30.282	-81.386	0.001335944519	9.38903	0.57379	0.001751377271	6.13274
HH5_Hilton_Head_SC	Hilton_Head_SC	Cluster1	0.128484	-0.08022	32.192	-80.695	0.001777898722	31.4983	0.49747	0.001805242755	6.89768
HH6_Hilton_Head_SC	Hilton_Head_SC	Cluster1	0.123634	-0.0756351	32.192	-80.695	0.001802492026	70.1477	0.49875	0.001754212375	6.89678
HH7_Hilton_Head_SC	Hilton_Head_SC	Cluster1	0.123422	-0.070286	32.192	-80.695	0.001719749211	17.9793	0.50543	0.001858278465	6.94433
HH8_Hilton_Head_SC	Hilton_Head_SC	Cluster1	0.127916	-0.0692686	32.192	-80.695	0.001788464004	28.2162	0.50994	0.001778092026	6.82616
HH10_Hilton_Head_SC	Hilton_Head_SC	Cluster1	0.12411	-0.0749068	32.192	-80.695	0.001852978876	33.436	0.49871	0.001778582783	6.9069
FB1_Folly_Beach_SC	Folly_Beach_SC	Cluster1	0.106759	-0.0358623	32.668	-79.907	0.002113780062	56.0699	0.44158	0.001214869152	6.95137
FB2_Folly_Beach_SC	Folly_Beach_SC	Cluster1	0.112323	-0.0434658	32.668	-79.907	0.002029583036	24.5997	0.45851	0.002069408859	6.86572
FB10_Folly_Beach_SC	Folly_Beach_SC	Cluster1	0.109793	-0.0518581	32.668	-79.907	0.001067131838	6.24029	0.71995	0.002023067868	5.4572
MB2_Myrtle_Beach_SC	Myrtle_Beach_SC	Cluster1	0.0924996	0.0717194	33.649	-78.927	0.001981762247	64.5054	0.42976	0.001985958735	6.93979
MB3_Myrtle_Beach_SC	Myrtle_Beach_SC	Cluster1	0.0910658	0.0789691	33.649	-78.927	0.002107781324	23.0351	0.38973	0.002034749513	6.85487
MB4_Myrtle_Beach_SC	Myrtle_Beach_SC	Cluster1	0.0923926	0.0888951	33.649	-78.927	0.002130322663	41.5316	0.39075	0.002025872959	6.91342
MB7_Myrtle_Beach_SC	Myrtle_Beach_SC	Cluster1	0.0944458	0.0805829	33.649	-78.927	0.002038809266	57.0124	0.41371	0.001950295908	6.94595
MB8_Myrtle_Beach_SC	Myrtle_Beach_SC	Cluster1	0.0886636	0.0832145	33.649	-78.927	0.00191438118	20.258	0.46514	0.001890658288	6.80295
TB5_Topsail_Beach_NC	Topsail_Beach_NC	Cluster0	0.0688042	0.149643	34.371	-77.62	0.001848673326	11.5448	0.46741	0.001871796853	6.51395
TB6_Topsail_Beach_NC	Topsail_Beach_NC	Cluster0	0.0726408	0.150445	34.371	-77.62	0.002047074999	17.2034	0.39872	0.002009290965	6.68525
TB7_Topsail_Beach_NC	Topsail_Beach_NC	Cluster0	0.067529	0.142236	34.371	-77.62	0.002161983628	40.486	0.37918	0.002054817591	6.94196
TB8_Topsail_Beach_NC	Topsail_Beach_NC	Cluster0	0.0705336	0.148888	34.371	-77.62	0.002124570396	46.3869	0.40238	0.002029129762	6.93764
EI6_Emerald_Island_NC	Emerald_Island_NC	Cluster0	0.0581693	0.150489	34.66	-77.034	0.002386046957	35.2915	0.31846	0.002268547754	6.92029
EI7_Emerald_Island_NC	Emerald_Island_NC	Cluster0	0.0591478	0.150008	34.66	-77.034	0.002331414723	37.1413	0.34625	0.00222080518	6.92341
EI8_Emerald_Island_NC	Emerald_Island_NC	Cluster0	0.062097	0.145025	34.66	-77.034	0.002310547951	33.7013	0.35178	0.002199028536	6.90458
EI9_Emerald_Island_NC	Emerald_Island_NC	Cluster0	0.0596358	0.146348	34.66	-77.034	0.002211538678	16.5321	0.34898	0.002083027022	6.71002
CH5_Cape_Hatteras_NC	Cape_Hatteras_NC	Cluster0	0.0489423	0.13717	35.469	-75.48	0.002408722925	46.2065	0.33197	0.002161768067	6.85453
CH6_Cape_Hatteras_NC	Cape_Hatteras_NC	Cluster0	0.0503757	0.128367	35.469	-75.48	0.002294065361	82.6496	0.33003	0.002348019908	6.9264
CH7_Cape_Hatteras_NC	Cape_Hatteras_NC	Cluster0	0.0507394	0.141441	35.469	-75.48	0.002348297619	75.7557	0.32579	0.002253451565	6.94116
CH8_Cape_Hatteras_NC	Cape_Hatteras_NC	Cluster0	0.050411	0.138257	35.469	-75.48	0.002419105897	68.899	0.31866	0.00227651741	6.95289
CH10_Cape_Hatteras_NC	Cape_Hatteras_NC	Cluster0	0.0490141	0.139409	35.469	-75.48	0.002311883015	24.0413	0.33458	0.002422565571	6.93321
CU5_Currituck_Beach_NC	Currituck_Beach_NC	Cluster0	0.0484936	0.128222	36.381	-75.824	0.002386267505	80.6173	0.31194	0.002394780081	6.94433
CU6_Currituck_Beach_NC	Currituck_Beach_NC	Cluster0	0.0458183	0.130422	36.381	-75.824	0.002417019133	30.0353	0.31392	0.002272525003	6.87804
CU7_Currituck_Beach_NC	Currituck_Beach_NC	Cluster0	0.0460616	0.140433	36.381	-75.824	0.002426614774	61.6695	0.29478	0.002393794217	6.92645
CU8_Currituck_Beach_NC	Currituck_Beach_NC	Cluster0	0.0499346	0.143858	36.381	-75.824	0.002358384887	65.0525	0.31983	0.002263614975	6.91146
VB5_Virginia_Beach_VA	Virginia_Beach_VA	Cluster0	0.0454633	0.121768	36.892	-75.985	0.002417169328	60.3173	0.3094	0.00181684773	6.89162
VB6_Virginia_Beach_VA	Virginia_Beach_VA	Cluster0	0.0419569	0.125728	36.892	-75.985	0.002476170056	44.1049	0.27936	0.002327614362	6.89567
VB7_Virginia_Beach_VA	Virginia_Beach_VA	Cluster0	0.0398932	0.129834	36.892	-75.985	0.002422967416	47.8495	0.30038	0.002287437959	6.88483
VB8_Virginia_Beach_VA	Virginia_Beach_VA	Cluster0	0.0412483	0.125706	36.892	-75.985	0.00244211381	82.9882	0.3174	0.002290363552	6.93554
VB10_Virginia_Beach_VA	Virginia_Beach_VA	Cluster0	0.0456898	0.134886	36.892	-75.985	0.001699781525	8.13097	0.53456	0.002434290269	5.97265
AI1_Assateague_Island_VA	Assateague_Island_VA	Cluster4	-0.0602515	0.0286932	37.888	-75.341	0.002714563687	43.7954	0.22284	0.0025899117	6.91202
AI2_Assateague_Island_VA	Assateague_Island_VA	Cluster4	-0.0553866	0.0372236	37.888	-75.341	0.002487571195	30.0082	0.25185	0.002270729956	6.86074
AI5_Assateague_Island_VA	Assateague_Island_VA	Cluster4	-0.0628136	0.0253158	37.888	-75.341	0.002548615516	42.013	0.2339	0.002324564753	6.91016
CM5_Cape_May_NJ	Cape_May_NJ	Cluster4	-0.119442	-0.0212418	38.93	-74.912	0.002301435995	105.931	0.32947	0.002402589698	6.93142
CM6_Cape_May_NJ	Cape_May_NJ	Cluster4	-0.114782	-0.0181936	38.93	-74.912	0.002318720654	26.6663	0.33677	0.002252468943	6.86344
CM7_Cape_May_NJ	Cape_May_NJ	Cluster4	-0.109053	-0.00269923	38.93	-74.912	0.002264902366	30.6321	0.35069	0.002251036748	6.90016
CM8_Cape_May_NJ	Cape_May_NJ	Cluster4	-0.105573	-0.00877413	38.93	-74.912	0.002527587216	54.6015	0.27156	0.002445672788	6.90188
CM9_Cape_May_NJ	Cape_May_NJ	Cluster4	-0.113991	-0.0170361	38.93	-74.912	0.002351512315	38.4649	0.33415	0.002273855858	6.88872
LB1_Long_Beach_NJ	Long_Beach_NJ	Cluster3	-0.147448	-0.06199	39.615	-74.197	0.001553449237	9.03196	0.54299	0.001729668421	6.15709
LB3_Long_Beach_NJ	Long_Beach_NJ	Cluster3	-0.146204	-0.0550076	39.615	-74.197	0.002206161004	32.8232	0.3959	0.002091607917	6.90453
LB4_Long_Beach_NJ	Long_Beach_NJ	Cluster3	-0.149008	-0.0553981	39.615	-74.197	0.002088651025	22.3954	0.41426	0.001986262154	6.82497
LB5_Long_Beach_NJ	Long_Beach_NJ	Cluster3	-0.152037	-0.0608981	39.615	-74.197	0.002141286855	42.6993	0.4079	0.002087050608	6.88441
LB9_Long_Beach_NJ	Long_Beach_NJ	Cluster3	-0.149903	-0.0479857	39.615	-74.197	0.002162763749	78.8609	0.40122	0.002217393633	6.91753
SB1_Sea_Bright_NJ	Sea_Bright_NJ	Cluster3	-0.149645	-0.0540596	40.362	-73.972	0.001935393486	16.6054	0.45516	0.001961470217	6.77922
SB2_Sea_Bright_NJ	Sea_Bright_NJ	Cluster3	-0.15099	-0.0632176	40.362	-73.972	0.00147200212	8.34849	0.59612	0.001642693644	6.11956
NB1_Nickerson_Beach_NY	Nickerson_Beach_NY	Cluster3	-0.153976	-0.0545276	40.585	-73.605	0.001278551702	7.75491	0.62731	0.001542973254	5.96829
NB2_Nickerson_Beach_NY	Nickerson_Beach_NY	Cluster3	-0.16158	-0.0618415	40.585	-73.605	0.001893582559	18.4894	0.45811	0.001893477285	6.79386
NB4_Nickerson_Beach_NY	Nickerson_Beach_NY	Cluster3	-0.148444	-0.0511219	40.585	-73.605	0.002093123374	23.5032	0.41086	0.00202472098	6.87252
NB5_Nickerson_Beach_NY	Nickerson_Beach_NY	Cluster3	-0.163295	-0.0689508	40.585	-73.605	0.001818194776	15.5376	0.48327	0.001821870111	6.70979
NB7_Nickerson_Beach_NY	Nickerson_Beach_NY	Cluster3	-0.158443	-0.0526	40.585	-73.605	0.002039533333	69.9987	0.44178	0.002048110857	6.91367
WH1_Watch_Hill_RI	Watch_Hill_RI	Cluster3	-0.152195	-0.0608305	41.308	-71.859	0.001061690734	7.62483	0.71193	0.001286801138	5.89826
WH2_Watch_Hill_RI	Watch_Hill_RI	Cluster3	-0.147263	-0.0508085	41.308	-71.859	0.00167889165	35.0241	0.54149	0.001715005519	6.91665
WH3_Watch_Hill_RI	Watch_Hill_RI	Cluster3	-0.156492	-0.0646177	41.308	-71.859	0.001443895396	9.96008	0.60439	0.001671932671	6.37733
WH4_Watch_Hill_RI	Watch_Hill_RI	Cluster3	-0.154765	-0.0612458	41.308	-71.859	0.001728393878	20.6581	0.5316	0.001737997834	6.82143
CR1_Crescent_Beach_ME	Crescent_Beach_ME	Cluster3	-0.154742	-0.0615721	43.564	-70.224	0.001308671895	83.4045	0.62564	0.001408800173	6.9144
CR2_Crescent_Beach_ME	Crescent_Beach_ME	Cluster3	-0.15469	-0.059531	43.564	-70.224	0.001465628434	28.2218	0.59736	0.00147659254	6.79802
CR3_Crescent_Beach_ME	Crescent_Beach_ME	Cluster3	-0.1532	-0.0612972	43.564	-70.224	0.001213915343	22.1188	0.66758	0.001280006346	6.80611
CR4_Crescent_Beach_ME	Crescent_Beach_ME	Cluster3	-0.152036	-0.0616866	43.564	-70.224	0.001263690017	18.9501	0.63629	0.001273225045	6.73171