population	het	psi.sum	rep	model
1	0.09281939	-1.180965983	1	center_asym
2	0.07491636	-2.109449886	1	center_asym
3	0.10677997	-0.6029661937	1	center_asym
4	0.10665317	-0.5189986393	1	center_asym
5	0.15770698	1.222583148	1	center_asym
6	0.16264678	1.379113914	1	center_asym
7	0.1557155	1.135011289	1	center_asym
8	0.12775812	0.457321992	1	center_asym
9	0.11886095	0.1342783559	1	center_asym
10	0.11658604	0.08407200467	1	center_asym
1	0.1243684	-0.2641474689	1	center_sym
2	0.1347044	0.1115087608	1	center_sym
3	0.1306399	-0.005303686403	1	center_sym
4	0.1359108	0.1661207461	1	center_sym
5	0.1404688	0.2601842575	1	center_sym
6	0.1376476	0.1656656864	1	center_sym
7	0.1331774	0.01655936402	1	center_sym
8	0.1331431	0.003992869064	1	center_sym
9	0.1258278	-0.2117730961	1	center_sym
10	0.1259942	-0.2428074326	1	center_sym
1	0.1274719	-0.1475309962	1	equal_sym
2	0.1336758	0.1134569305	1	equal_sym
3	0.1312642	0.04499783689	1	equal_sym
4	0.1313858	0.07077032766	1	equal_sym
5	0.1307187	0.0108486141	1	equal_sym
6	0.1313095	0.07601074125	1	equal_sym
7	0.1263639	-0.1282645054	1	equal_sym
8	0.1255181	-0.1602443514	1	equal_sym
9	0.1309953	0.07991194638	1	equal_sym
10	0.1310642	0.04004345621	1	equal_sym
1	0.1204347	-0.1750323501	1	equal_asym
2	0.1279959	0.1213495759	1	equal_asym
3	0.136886	0.4387975609	1	equal_asym
4	0.1362806	0.3804936176	1	equal_asym
5	0.1325397	0.2536557993	1	equal_asym
6	0.1396304	0.5094669075	1	equal_asym
7	0.1346399	0.2966903534	1	equal_asym
8	0.1106475	-0.510945203	1	equal_asym
9	0.1064241	-0.6532228015	1	equal_asym
10	0.1072886	-0.66125346	1	equal_asym
1	0.08849655	-1.058295969	2	center_asym
2	0.09512346	-0.7203764358	2	center_asym
3	0.1156403	0.2151655922	2	center_asym
4	0.13991944	0.9644899844	2	center_asym
5	0.13028876	0.7048436721	2	center_asym
6	0.14320569	0.9739181738	2	center_asym
7	0.13749425	0.8807712802	2	center_asym
8	0.08684557	-1.092679774	2	center_asym
9	0.09672003	-6.27E-01	2	center_asym
10	0.10553777	-0.2406107474	2	center_asym
1	0.11648303	0.1121091541	3	center_asym
2	0.1169307	0.1842862564	3	center_asym
3	0.1197455	0.2819021514	3	center_asym
4	0.14356705	1.134117972	3	center_asym
5	0.14065822	0.9038824624	3	center_asym
6	0.13709424	0.837205424	3	center_asym
7	0.1134076	0.06645546033	3	center_asym
8	0.09083708	-0.787021127	3	center_asym
9	0.07895748	-1.27E+00	3	center_asym
10	0.07621934	-1.459528297	3	center_asym
1	0.12404936	0.117600486	4	center_asym
2	0.13193683	0.4219044153	4	center_asym
3	0.12319927	0.1320166346	4	center_asym
4	0.10444749	-0.7486443096	4	center_asym
5	0.14530672	0.8390838888	4	center_asym
6	0.15186065	1.084585523	4	center_asym
7	0.09600142	-0.8074359336	4	center_asym
8	0.12257059	0.21564448	4	center_asym
9	0.10061751	-6.27E-01	4	center_asym
10	0.10197948	-0.628005712	4	center_asym
1	0.06858809	-1.898516383	5	center_asym
2	0.08346858	-1.059695485	5	center_asym
3	0.08730243	-0.8791981666	5	center_asym
4	0.08825655	-0.8436736786	5	center_asym
5	0.12843774	0.7026185986	5	center_asym
6	0.15393119	1.4138239	5	center_asym
7	0.13708655	0.9359423179	5	center_asym
8	0.13227833	0.7807161736	5	center_asym
9	0.12319295	5.74E-01	5	center_asym
10	0.11702101	0.2739577136	5	center_asym
1	0.11072539	0.2835829167	6	center_asym
2	0.12734235	0.8601885627	6	center_asym
3	0.12765323	0.7458543472	6	center_asym
4	0.12280045	0.6940576752	6	center_asym
5	0.13566789	1.001111101	6	center_asym
6	0.11669026	0.4339819152	6	center_asym
7	0.10175281	-0.111534393	6	center_asym
8	0.07535574	-1.363669187	6	center_asym
9	0.08305068	-0.935101579	6	center_asym
10	0.06878933	-1.60847136	6	center_asym
1	0.06573439	-2.421102342	7	center_asym
2	0.10098018	-0.5857806677	7	center_asym
3	0.13036472	0.5666153642	7	center_asym
4	0.13770367	0.8076445465	7	center_asym
5	0.14930723	1.154631445	7	center_asym
6	0.14668781	1.183369874	7	center_asym
7	0.12688206	0.6068577659	7	center_asym
8	0.10632012	-0.08745246875	7	center_asym
9	0.10133399	-3.44E-01	7	center_asym
10	0.08959167	-0.8809928378	7	center_asym
1	0.09234134	-0.8322924057	8	center_asym
2	0.1151025	0.04211447859	8	center_asym
3	0.10374105	-0.4376184481	8	center_asym
4	0.12385385	0.3018914015	8	center_asym
5	0.11544581	0.02360435596	8	center_asym
6	0.14765081	1.042163616	8	center_asym
7	0.13323001	0.5202686168	8	center_asym
8	0.11565473	0.05314037602	8	center_asym
9	0.10413438	-3.81E-01	8	center_asym
10	0.10783031	-0.3319610557	8	center_asym
1	0.10382146	-0.4043867114	9	center_asym
2	0.0989093	-0.6399266174	9	center_asym
3	0.13032997	0.5079940189	9	center_asym
4	0.1478195	1.090246914	9	center_asym
5	0.15278516	1.235132494	9	center_asym
6	0.15108089	1.17556385	9	center_asym
7	0.08663159	-1.29755112	9	center_asym
8	0.0985713	-0.7381480821	9	center_asym
9	0.11607688	0.1092469805	9	center_asym
10	0.09048783	-1.038171726	9	center_asym
1	0.09252488	-0.5664615153	10	center_asym
2	0.08533073	-0.8562413923	10	center_asym
3	0.09438927	-0.3953423169	10	center_asym
4	0.11602341	0.4457007913	10	center_asym
5	0.14046341	1.279976621	10	center_asym
6	0.13668878	1.017733033	10	center_asym
7	0.1342322	0.9825354285	10	center_asym
8	0.09989561	-0.2310771608	10	center_asym
9	0.09217659	-4.46E-01	10	center_asym
10	0.0775922	-1.231227178	10	center_asym
1	0.125777	-0.2671963123	2	center_sym
2	0.1342381	0.01050406987	2	center_sym
3	0.1398267	0.1518573029	2	center_sym
4	0.132734	-0.0667277155	2	center_sym
5	0.1346697	0.0645429184	2	center_sym
6	0.1418582	0.2387885637	2	center_sym
7	0.1384041	0.1322387711	2	center_sym
8	0.1424359	0.3078925067	2	center_sym
9	0.1323541	-7.18E-02	2	center_sym
10	0.1189864	-0.5000528131	2	center_sym
1	0.11435	-0.5848851179	3	center_sym
2	0.1221792	-0.2866314274	3	center_sym
3	0.1235288	-0.2537555948	3	center_sym
4	0.1271306	-0.1186648049	3	center_sym
5	0.1368851	0.1613776987	3	center_sym
6	0.1441257	0.382637973	3	center_sym
7	0.1409368	0.3457643373	3	center_sym
8	0.1409001	0.2571694032	3	center_sym
9	0.1265449	-1.91E-01	3	center_sym
10	0.1402194	0.2875541173	3	center_sym
1	0.120893	-0.2776372151	4	center_sym
2	0.1376469	0.3578243324	4	center_sym
3	0.1259774	-0.04224924228	4	center_sym
4	0.1302346	0.08889624118	4	center_sym
5	0.1325581	0.1031567703	4	center_sym
6	0.134715	0.1608015013	4	center_sym
7	0.1308371	0.09337630702	4	center_sym
8	0.1283718	-0.002059998642	4	center_sym
9	0.114859	-5.42E-01	4	center_sym
10	0.1293821	0.05988826197	4	center_sym
1	0.1169762	-0.4001098508	5	center_sym
2	0.1232085	-0.2212195488	5	center_sym
3	0.1336281	0.1489271965	5	center_sym
4	0.1282879	-0.05267034016	5	center_sym
5	0.1324475	0.112130873	5	center_sym
6	0.1364083	0.2909503363	5	center_sym
7	0.1315124	0.1016913294	5	center_sym
8	0.1272651	-0.003902270607	5	center_sym
9	0.1267301	-4.83E-02	5	center_sym
10	0.1301191	0.07251272535	5	center_sym
1	0.1043126	-0.8550828343	6	center_sym
2	0.1219731	-0.06765501219	6	center_sym
3	0.1230784	-0.114321153	6	center_sym
4	0.1246986	0.01077722054	6	center_sym
5	0.1365715	0.3694670737	6	center_sym
6	0.1250369	-0.01381489512	6	center_sym
7	0.1324279	0.2571996363	6	center_sym
8	0.133563	0.2881080816	6	center_sym
9	0.1236694	-1.46E-02	6	center_sym
10	0.1280662	0.1399470748	6	center_sym
1	0.1172006	-0.5191705936	7	center_sym
2	0.1198157	-0.4458977597	7	center_sym
3	0.1356879	0.1475519697	7	center_sym
4	0.1419114	0.3727842129	7	center_sym
5	0.1287506	-0.1468697932	7	center_sym
6	0.134582	0.0835356123	7	center_sym
7	0.1368185	0.2154764396	7	center_sym
8	0.1341931	0.1212220893	7	center_sym
9	0.1302433	-4.35E-02	7	center_sym
10	0.1398892	0.2148697361	7	center_sym
1	0.1134971	-0.6732404692	8	center_sym
2	0.1356813	0.1786045165	8	center_sym
3	0.1332438	0.05941723755	8	center_sym
4	0.1238444	-0.1771095421	8	center_sym
5	0.1348827	0.1280507658	8	center_sym
6	0.1323951	0.05035056422	8	center_sym
7	0.1377305	0.2502492972	8	center_sym
8	0.1304033	0.04450984807	8	center_sym
9	0.1346705	1.82E-01	8	center_sym
10	0.1291677	-0.04272148423	8	center_sym
1	0.1389213	0.3172085162	9	center_sym
2	0.1385618	0.2899511594	9	center_sym
3	0.1326974	0.1094606985	9	center_sym
4	0.1287822	-0.1003739607	9	center_sym
5	0.1313512	-0.04012387704	9	center_sym
6	0.1250008	-0.2365111769	9	center_sym
7	0.1277766	-0.1536514751	9	center_sym
8	0.1267931	-0.1352998351	9	center_sym
9	0.1289499	1.35E-02	9	center_sym
10	0.1277585	-0.06419982422	9	center_sym
1	0.1330946	0.204700161	2	equal_asym
2	0.1159932	-0.4614647812	2	equal_asym
3	0.1051082	-0.8824154207	2	equal_asym
4	0.1369102	0.3208945287	2	equal_asym
5	0.1433657	0.5722916278	2	equal_asym
6	0.1372267	0.3639138375	2	equal_asym
7	0.1380002	0.4202096052	2	equal_asym
8	0.122107	-0.2003263534	2	equal_asym
9	0.1243599	-5.22E-02	2	equal_asym
10	0.1188523	-0.2856512547	2	equal_asym
1	0.1143246	-0.3519870172	3	equal_asym
2	0.1196577	-0.1511776759	3	equal_asym
3	0.1181057	-0.2299889601	3	equal_asym
4	0.1156244	-0.3190405804	3	equal_asym
5	0.1268241	0.136175301	3	equal_asym
6	0.1357452	0.4945175813	3	equal_asym
7	0.1367765	0.4976588179	3	equal_asym
8	0.1316218	0.3473486061	3	equal_asym
9	0.1178943	-1.69E-01	3	equal_asym
10	0.1168033	-0.2543542228	3	equal_asym
1	0.1174388	-0.1057934555	4	equal_asym
2	0.1329826	0.3897515702	4	equal_asym
3	0.1160987	-0.1738224378	4	equal_asym
4	0.1255342	0.187333211	4	equal_asym
5	0.1289502	0.2900727438	4	equal_asym
6	0.1159072	-0.2421527785	4	equal_asym
7	0.1260594	0.1492904395	4	equal_asym
8	0.1262418	0.1230458219	4	equal_asym
9	0.125375	1.28E-01	4	equal_asym
10	0.1038298	-0.7459797143	4	equal_asym
1	0.1073293	-0.8330621646	5	equal_asym
2	0.1159874	-0.4760327714	5	equal_asym
3	0.1211628	-0.2365261383	5	equal_asym
4	0.1307183	0.07066183551	5	equal_asym
5	0.1387869	0.3779337406	5	equal_asym
6	0.1455011	0.596965481	5	equal_asym
7	0.1356507	0.2566452269	5	equal_asym
8	0.1296693	0.0390606853	5	equal_asym
9	0.1343258	0.2334533736	5	equal_asym
10	0.1275822	-0.0290992685	5	equal_asym
1	0.1187596	-0.2062550672	6	equal_asym
2	0.1143409	-0.4823599035	6	equal_asym
3	0.1197697	-0.2029228849	6	equal_asym
4	0.137512	0.4016974896	6	equal_asym
5	0.1384282	0.5155229451	6	equal_asym
6	0.1287371	0.1736984843	6	equal_asym
7	0.1315948	0.3180409323	6	equal_asym
8	0.1295458	0.2100534834	6	equal_asym
9	0.1036825	-8.74E-01	6	equal_asym
10	0.1276456	0.1467677639	6	equal_asym
1	0.11602456	-0.04805110434	7	equal_asym
2	0.12356178	0.2235817614	7	equal_asym
3	0.11628243	-0.03859849284	7	equal_asym
4	0.12571087	0.3441340386	7	equal_asym
5	0.13202254	0.520452042	7	equal_asym
6	0.13579381	0.6492579057	7	equal_asym
7	0.1199984	0.1034313355	7	equal_asym
8	0.11229902	-0.1511669589	7	equal_asym
9	0.10333475	-5.25E-01	7	equal_asym
10	0.09262442	-1.077605399	7	equal_asym
1	0.1293698	0.1323859321	8	equal_asym
2	0.1168609	-0.3006245681	8	equal_asym
3	0.1106979	-0.5407635843	8	equal_asym
4	0.1247835	0.0004413285329	8	equal_asym
5	0.1284969	0.1203822324	8	equal_asym
6	0.1302741	0.1998221288	8	equal_asym
7	0.1214835	-0.1949010464	8	equal_asym
8	0.1306204	0.2130024083	8	equal_asym
9	0.1315865	0.2361712994	8	equal_asym
10	0.1287171	0.1340838692	8	equal_asym
1	0.10956241	-0.2066369183	9	equal_asym
2	0.11863372	0.1937668208	9	equal_asym
3	0.12089354	0.2617332095	9	equal_asym
4	0.1241786	0.3425331106	9	equal_asym
5	0.13436539	0.7025756309	9	equal_asym
6	0.13109869	0.5851287205	9	equal_asym
7	0.09181437	-0.8806892167	9	equal_asym
8	0.11763891	0.1029860775	9	equal_asym
9	0.09894066	-6.02E-01	9	equal_asym
10	0.10116113	-0.4993677787	9	equal_asym
1	0.1122862	-0.4267728407	10	equal_asym
2	0.1144134	-0.2784254228	10	equal_asym
3	0.1077416	-0.5784756523	10	equal_asym
4	0.1288762	0.2552445175	10	equal_asym
5	0.1416433	0.7639863386	10	equal_asym
6	0.1145209	-0.2113747884	10	equal_asym
7	0.1236964	0.1170940511	10	equal_asym
8	0.1282395	0.2349989287	10	equal_asym
9	0.1247786	1.45E-01	10	equal_asym
10	0.1199907	-0.02145034226	10	equal_asym
1	0.1390576	0.05139368463	2	equal_sym
2	0.1308771	-0.2577627847	2	equal_sym
3	0.1405829	0.1055474288	2	equal_sym
4	0.1403893	0.08809049045	2	equal_sym
5	0.1375063	0.03478617481	2	equal_sym
6	0.1324187	-0.1090966902	2	equal_sym
7	0.1353914	-0.01694535908	2	equal_sym
8	0.1356934	0.007911402868	2	equal_sym
9	0.1356733	0.02255688559	2	equal_sym
10	0.1384574	0.07351876688	2	equal_sym
1	0.1267459	-0.1664022016	3	equal_sym
2	0.1251786	-0.1954128096	3	equal_sym
3	0.1305346	0.01264105195	3	equal_sym
4	0.130424	-0.02140103646	3	equal_sym
5	0.1329343	0.01770440614	3	equal_sym
6	0.1333534	0.0589215568	3	equal_sym
7	0.1332268	0.04161041081	3	equal_sym
8	0.1326867	0.01607541943	3	equal_sym
9	0.1304572	-6.44E-02	3	equal_sym
10	0.141367	0.3007118073	3	equal_sym
1	0.1281895	-0.09842680646	4	equal_sym
2	0.1265927	-0.1085096929	4	equal_sym
3	0.127963	-0.06272679876	4	equal_sym
4	0.136291	0.2166996061	4	equal_sym
5	0.1338055	0.1105074318	4	equal_sym
6	0.1286255	-0.08371385468	4	equal_sym
7	0.132098	0.07215517285	4	equal_sym
8	0.1256595	-0.1812541086	4	equal_sym
9	0.1311422	-0.008275189779	4	equal_sym
10	0.13482	0.1435442404	4	equal_sym
1	0.1317968	-0.0006964466153	5	equal_sym
2	0.128282	-0.1175240057	5	equal_sym
3	0.1316851	0.03383524276	5	equal_sym
4	0.1273562	-0.169173646	5	equal_sym
5	0.1290412	-0.03440419014	5	equal_sym
6	0.1335301	0.0774212857	5	equal_sym
7	0.1338615	0.1088580486	5	equal_sym
8	0.1296627	-0.05742961483	5	equal_sym
9	0.1357156	0.1653401984	5	equal_sym
10	0.1300966	-0.006226872263	5	equal_sym
1	0.126643	-0.1706818317	6	equal_sym
2	0.1347456	0.1095358429	6	equal_sym
3	0.1267396	-0.1844441252	6	equal_sym
4	0.1288018	-0.07525404794	6	equal_sym
5	0.1339143	0.07877754966	6	equal_sym
6	0.1409203	0.3173074568	6	equal_sym
7	0.1316485	0.009073338653	6	equal_sym
8	0.1348736	0.1034284227	6	equal_sym
9	0.1305567	-7.22E-02	6	equal_sym
10	0.1309128	-0.1155628866	6	equal_sym
1	0.1182833	-0.4912650229	7	equal_sym
2	0.1285546	-0.09535391437	7	equal_sym
3	0.1371478	0.1723820917	7	equal_sym
4	0.1324814	0.01966175875	7	equal_sym
5	0.1394309	0.3061437662	7	equal_sym
6	0.1351414	0.1261214758	7	equal_sym
7	0.1330014	0.05156803657	7	equal_sym
8	0.1336665	0.1181458691	7	equal_sym
9	0.1265414	-1.53E-01	7	equal_sym
10	0.1310164	-0.05429620254	7	equal_sym
1	0.131412	-0.003439262013	8	equal_sym
2	0.1301983	-0.05857811861	8	equal_sym
3	0.1366511	0.1933620423	8	equal_sym
4	0.1373022	0.1866446539	8	equal_sym
5	0.1342314	0.08943601139	8	equal_sym
6	0.1300615	-0.008924470391	8	equal_sym
7	0.1300393	-0.03422103029	8	equal_sym
8	0.1321258	-0.02149366736	8	equal_sym
9	0.1290566	-9.27E-02	8	equal_sym
10	0.1254702	-0.2500715774	8	equal_sym
1	0.1266068	-0.1846780236	9	equal_sym
2	0.1375998	0.1921579176	9	equal_sym
3	0.1314635	-0.05879037405	9	equal_sym
4	0.1336668	0.1067332714	9	equal_sym
5	0.1347059	0.1902803977	9	equal_sym
6	0.1332692	0.1155174585	9	equal_sym
7	0.128446	-0.05205343069	9	equal_sym
8	0.1243985	-0.1283131583	9	equal_sym
9	0.1309755	-0.039205817	9	equal_sym
10	0.1279798	-0.1416482416	9	equal_sym
1	0.1288855	-0.1249323211	10	equal_sym
2	0.1323497	0.01989692472	10	equal_sym
3	0.1370457	0.2171065702	10	equal_sym
4	0.1257138	-0.1595691349	10	equal_sym
5	0.134572	0.08720752615	10	equal_sym
6	0.1322313	0.03993353535	10	equal_sym
7	0.1311255	-0.02304197517	10	equal_sym
8	0.133659	0.03882926237	10	equal_sym
9	0.137781	1.44E-01	10	equal_sym
10	0.1269609	-0.2396828881	10	equal_sym